# image_width: 1024
# image_height: 768
# camera_name: auv4/bot_cam_optical
# camera_matrix:
#   rows: 3
#   cols: 3
#   # data: [536.6419482402464, 0.0, 528.6306290596597, 0.0, 535.7304664856567, 396.6202182701127, 0.0, 0.0, 1.0]
#   data: [1073.28389648, 0.0, 1057.261258119, 0.0, 1071.460932971, 793.24043654, 0.0, 0.0, 1.0]
# distortion_model: plumb_bob
# distortion_coefficients:
#   rows: 1
#   cols: 5
#   data: [-0.19137707493753006, 0.05322641877134491, -0.0021607899024424847, -0.002404086329995548, 0.0]
# rectification_matrix:
#   rows: 3
#   cols: 3
#   data: [1.0, 0.0, 0.0, 0.0, 1.0, 0.0, 0.0, 0.0, 1.0]
# projection_matrix:
#   rows: 3
#   cols: 4
#   data: [452.3013610839844, 0.0, 526.00118954543, 0.0, 0.0, 482.3131408691406, 396.61607947004813, 0.0, 0.0, 0.0, 1.0, 0.0]


image_width: 2048
image_height: 1536
# image_width: 1024
# image_height: 768
camera_name: auv4/bot_cam_optical
camera_matrix:
  rows: 3
  cols: 3
  # data: [536.6419482402464, 0.0, 528.6306290596597, 0.0, 535.7304664856567, 396.6202182701127, 0.0, 0.0, 1.0]
  data: [1108.1722038224596, 0.0, 1051.4460016934293, 0.0, 1108.7093583686776, 770.5294134258302, 0.0, 0.0, 1.0]
distortion_model: plumb_bob
distortion_coefficients:
  rows: 1
  cols: 5
  data: [-0.20068661425771872, 0.07110400951723944, -0.0004765045249650421, 0.0006495114188822739, 0.0]
  # data: [-0.19137707493753006, 0.05322641877134491, -0.0021607899024424847, -0.002404086329995548, 0.0]
rectification_matrix:
  rows: 3
  cols: 3
  data: [1.0, 0.0, 0.0, 0.0, 1.0, 0.0, 0.0, 0.0, 1.0]
projection_matrix:
  rows: 3
  cols: 4
  # data: [1108.1722038224596, 0.0, 1051.4460016934293, 0.0, 0.0, 1108.7093583686776, 770.5294134258302, 0.0, 0.0, 0.0, 1.0, 0.0]
  data: [997.35498344, 0.0, 1051.4460016934293, 0.0, 0.0, 997.838422532, 770.5294134258302, 0.0, 0.0, 0.0, 1.0, 0.0] # focal * 0.9
